mode	metabolite	slope	sd_intercept	p_uncorrected	p_fdr	MW	m/z	RT	name
pos_plasma	6548	31.99606452	1.61E-06	0	0	615.45354	616.46082	9.447	unannotated
pos_plasma	7092	103.8261739	2.85E-06	0	0	863.39781	864.40509	4.589	unannotated
pos_plasma	6564	25.875	3.66E-06	0	0	623.37712	624.3844	11.312	unannotated
neg_feces	7318	12.86475878	4.29E-06	0	0	522.24495	521.23767	5.934	unannotated
neg_feces	3349	63.99284217	4.54E-06	0	0	324.08687	323.07959	4.68	unannotated
neg_feces	7532	-32.2210268	4.71E-06	0	0	535.22996	534.22296	7.325	unannotated
neg_plasma	4375	21.34453673	4.79E-06	0	0	423.85376	422.8457	14.551	unannotated
neg_feces	4678	31.99375366	4.80E-06	0	0	380.18196	379.17468	5.394	unannotated
pos_plasma	4415	-31.90886431	6.48E-06	0	0	254.10495	255.11223	6.786	unannotated
pos_plasma	6559	-63.80902547	6.54E-06	0	0	621.3983	622.40576	10.939	unannotated
neg_feces	2310	-130.6875	6.74E-06	0	0	276.13167	275.12439	0.863	Saccharopine
neg_feces	1268	2.586826798	7.63E-06	4.73E-66	7.13E-65	229.10528	228.09787	0.899	unannotated
pos_plasma	6618	31.96664012	8.40E-06	0	0	644.32189	645.32916	4.043	unannotated
neg_feces	491	-35.13762475	8.56E-06	0	0	166.00393	164.99666	4.762	unannotated
neg_plasma	952	-10.45507813	8.84E-06	0	0	182.01206	181.00482	3.229	unannotated
pos_plasma	28	-9.5	9.13E-06	0	0	72.99929	74.00657	0.889	unannotated
neg_plasma	5818	593.1391354	9.73E-06	0	0	617.29747	616.2901	9.45	unannotated
pos_feces	9343	23.76041667	1.04E-05	0	0	520.26494	521.27222	5.368	unannotated
pos_feces	5707	8.375	1.07E-05	2.09E-125	3.49E-124	260.15245	261.15967	4.667	Fenspiride
neg_feces	4573	-95.86888446	1.21E-05	0	0	374.24068	373.2334	3.789	unannotated
neg_feces	8056	-19.76300832	1.34E-05	0	0	584.35249	583.34521	4.541	unannotated
neg_feces	6737	8.75	1.34E-05	0	0	486.17231	485.16498	5.073	unannotated
pos_feces	6233	-21.33970968	1.37E-05	0	0	288.14717	289.15445	7.972	unannotated
neg_feces	1470	-85.14503154	1.41E-05	0	0	242.07918	241.0719	5.274	7,8-dimethylalloxazine (lumichrome)
neg_feces	1202	21.34308796	1.63E-05	0	0	226.08289	225.07556	4.594	unannotated
pos_feces	4674	21.3392136	1.74E-05	0	0	215.09426	216.10155	4.153	N-Acetyl vitamin K5
pos_plasma	57	0.553125	1.79E-05	1.90E-13	2.55E-12	76.0314	77.03893	3.233	unannotated
neg_plasma	1470	15.56301113	1.82E-05	6.34E-287	8.89E-286	216.03303	215.02576	4.176	unannotated
neg_feces	5334	-18.65385146	1.85E-05	0	0	408.17665	407.16937	5.311	unannotated
pos_plasma	3141	7.15625	1.86E-05	0	0	180.11477	181.1219	7.665	unannotated
neg_feces	7875	53.84837754	1.92E-05	0	0	566.03771	565.03027	1.184	unannotated
neg_feces	4682	-31.86223892	1.93E-05	0	0	380.18278	379.17551	5.103	unannotated
neg_feces	7915	-35.671875	1.94E-05	0	0	568.32319	567.31592	6.784	unannotated
pos_feces	233	1.698929123	2.04E-05	6.01E-17	8.82E-16	85.05341	86.06073	1.285	unannotated
neg_feces	8985	-21.15634276	2.12E-05	0	0	838.55336	837.54608	7.978	unannotated
pos_feces	1929	-16.078125	2.14E-05	0	0	140.11987	141.12685	11.439	unannotated
pos_feces	1210	-2.154740155	2.26E-05	1.78E-06	2.53E-05	123.06818	124.07545	0.923	unannotated
neg_feces	7069	-3.375	2.30E-05	7.83E-44	1.16E-42	505.20683	504.19955	2.425	unannotated
pos_plasma	2190	-334.5571108	2.70E-05	0	0	148.03705	149.04434	4.211	unannotated
neg_plasma	174	-42.63180637	2.75E-05	0	0	114.03	113.02274	0.795	unannotated
neg_plasma	1211	-66.5	2.91E-05	0	0	199.03871	198.03145	5.024	unannotated
pos_feces	1130	8.408854167	2.99E-05	1.97E-248	3.79E-247	121.05281	122.0602	1.27	unannotated
neg_plasma	6376	-33.47174942	3.05E-05	0	0	1308.54292	653.2641	4.562	unannotated
pos_plasma	4484	52.625	3.06E-05	0	0	257.27146	258.27878	6.852	unannotated
neg_plasma	677	30.39739766	3.31E-05	0	0	163.84478	162.83749	0.813	unannotated
neg_plasma	1490	-32.1196185	3.53E-05	0	0	216.0345	215.02722	8.989	unannotated
neg_plasma	4151	-3.56514328	3.64E-05	0	0	395.75286	394.74561	0.794	unannotated
neg_feces	4253	-67.38484495	3.69E-05	0	0	360.14091	359.13364	4.795	unannotated
neg_plasma	3734	-16.15625	3.71E-05	0	0	352.22379	351.21664	6.501	Prostaglandin E2
neg_feces	3586	9.527099463	3.76E-05	4.85E-227	7.98E-226	334.02843	333.02115	3.887	unannotated
pos_plasma	2144	-21.22129542	3.86E-05	0	0	148.00582	149.013	11.871	unannotated
pos_feces	2346	-10.87431681	3.91E-05	4.73E-246	9.03E-245	150.1041	151.11137	10.707	unannotated
neg_plasma	110	7.937073373	4.00E-05	4.79E-284	6.65E-283	99.96991	98.96265	1.008	unannotated
neg_plasma	3348	-29.875	4.07E-05	0	0	326.05446	325.04721	8.017	unannotated
pos_feces	8331	-86.96886	4.17E-05	0	0	415.3073	416.31458	7.915	unannotated
neg_plasma	5171	32.20602903	4.20E-05	0	0	510.33604	509.32877	13.248	unannotated
pos_plasma	5215	-11.90625	4.36E-05	0	0	328.20354	329.211	5.588	unannotated
pos_plasma	2106	-14.33500045	4.36E-05	8.04E-172	1.16E-170	148.00499	149.01227	2.08	unannotated
neg_plasma	4000	21.21356093	4.49E-05	0	0	379.92436	378.91708	0.701	unannotated
pos_feces	4693	-47.73260006	4.58E-05	0	0	216.11063	217.11745	2.85	unannotated
neg_feces	5845	52.76942677	4.71E-05	0	0	440.29855	439.29126	4.588	unannotated
pos_feces	1218	25.82501662	5.07E-05	0	0	123.06875	124.07603	4.175	unannotated
neg_feces	7119	95.97990665	5.30E-05	0	0	509.19978	508.1925	4.427	unannotated
pos_plasma	3109	-12.10501452	5.39E-05	2.22E-55	3.00E-54	179.11717	180.12445	9.06	unannotated
neg_plasma	1084	32.40385683	5.86E-05	0	0	190.8764	189.86913	1.138	unannotated
pos_feces	7952	31.5854074	5.89E-05	0	0	390.08909	391.09747	0.973	unannotated
pos_feces	6580	-64.18604782	7.06E-05	0	0	304.23979	305.24707	12.729	Arachidonic acid
pos_feces	8395	32.07666081	7.11E-05	0	0	422.13889	423.14603	0.908	unannotated
pos_feces	9692	96.30715248	7.56E-05	0	0	603.3463	604.35358	4.421	unannotated
pos_feces	9069	7.90625	8.93E-05	4.35E-136	7.32E-135	485.25224	486.25952	6.357	unannotated
pos_feces	410	-32.37545001	8.98E-05	0	0	94.07868	95.08596	8.715	unannotated
neg_feces	6474	11.27264189	9.20E-05	1.90E-45	2.84E-44	472.24722	471.24008	8.238	unannotated
neg_plasma	1840	7.677162282	0.000101546	5.10E-16	6.18E-15	232.11134	231.10406	5.341	unannotated
pos_feces	6630	41.85974415	0.000101685	0	0	308.07888	309.08606	6.257	Flazin
neg_feces	5865	-21.27264753	0.000103711	0	0	442.09141	441.08414	5.176	unannotated
neg_plasma	5432	26.77342211	0.000124789	0	0	552.25548	551.24854	7.021	unannotated
pos_feces	9221	-55.6234027	0.000133175	0	0	502.32958	503.33685	6.012	unannotated
neg_feces	2846	-63.93918604	0.000145952	0	0	300.26484	299.25754	11.852	unannotated
pos_feces	1268	37.65190471	0.0002065	0	0	124.10008	125.10737	1.351	unannotated
neg_feces	7379	-10.66666667	0.000213894	0	0	527.25313	526.2453	6.068	unannotated
neg_plasma	4704	-7.974609375	0.000222946	0	0	458.14228	457.13507	6.753	unannotated
pos_plasma	6259	-98.60445992	0.000245277	0	0	527.18193	528.18921	6.131	unannotated
neg_feces	2323	-12.21428571	0.000290863	0	0	277.10563	276.09839	3.474	unannotated
neg_feces	8840	50.80921986	0.000331604	0	0	754.35566	753.34833	6.783	unannotated
pos_feces	8269	-32.16810402	0.000447836	0	0	412.36601	413.37329	9.781	unannotated
neg_feces	3920	8.678571429	0.000605979	3.44E-128	5.37E-127	346.3058	345.29852	1.553	unannotated
pos_plasma	5832	9.695490057	0.003702867	0	0	433.14979	434.15704	4.561	unannotated
pos_plasma	6555	12.00195313	0.007209349	0	0	618.26354	619.27081	4.027	unannotated
neg_plasma	4381	-183.984375	0.008370435	0	0	424.17558	423.1683	8.088	unannotated
pos_plasma	3469	21.34059227	0.008682516	0	0	193.6112	194.61862	4.139	4-Hydroxytamoxifen
pos_feces	9132	63.98376934	0.009036624	0	0	490.22035	491.22763	4.878	unannotated
neg_feces	7311	-21.3650314	0.013205571	0	0	522.209	521.20172	6.503	unannotated
pos_plasma	6908	19.203125	0.019836159	0	0	779.52159	780.52887	6.498	unannotated
neg_feces	8727	129.5625	0.025064637	0	0	714.36197	356.17371	6.604	unannotated
neg_feces	3722	-32.0625	0.027150896	0	0	342.09367	341.0864	4.382	unannotated
pos_plasma	6510	40.0625	0.028559617	0	0	603.41753	604.4248	6.381	unannotated
neg_feces	7656	-23.26136364	0.030661317	0	0	545.26043	544.25311	5.578	unannotated
pos_feces	8973	-39.03125	0.031242661	0	0	474.32058	475.32794	5.327	unannotated
neg_feces	3716	-63.87631808	0.033813542	0	0	341.23033	340.22305	3.913	unannotated
pos_plasma	5672	-40.66336634	0.035963793	0	0	405.21118	406.21817	7.601	unannotated
pos_plasma	2476	21.19724019	0.036551346	0	0	155.987	156.99403	5.352	unannotated
pos_plasma	3566	-15.07894737	0.037670068	0	0	199.19334	200.20084	5.407	unannotated
pos_plasma	2719	0.330078125	0.039142695	9.05E-07	1.21E-05	165.11517	166.12259	7.403	unannotated
neg_feces	617	-21.31745947	0.040366752	0	0	176.04581	175.03853	4.287	unannotated
neg_feces	7060	-256	0.041495998	0	0	504.30655	503.29938	7.052	unannotated
neg_feces	5686	23.24431818	0.044477952	0	0	429.20994	428.20297	4.915	unannotated
neg_plasma	5211	24	0.045452178	0	0	517.17147	516.16388	5.339	unannotated
neg_plasma	2947	-13.8442029	0.04552574	0	0	301.0449	300.03763	0.883	unannotated
neg_feces	8578	31.84375	0.045974427	0	0	672.28059	671.27332	7.078	unannotated
neg_plasma	583	-21.3524652	0.046385471	0	0	155.99633	154.98907	6.711	unannotated
neg_feces	538	-71.875	0.049528656	0	0	168.04091	167.03363	4.073	unannotated
neg_plasma	5750	-12.75085616	0.050208515	0	0	603.79737	602.79095	14.56	unannotated
neg_plasma	5694	10.62411358	0.050315073	0	0	593.36735	592.36005	10.775	unannotated
neg_feces	4026	-49.15625	0.051632788	0	0	350.11748	349.1102	6.913	unannotated
neg_feces	546	-13.9765625	0.052588677	0	0	169.10866	168.10138	4.992	unannotated
neg_feces	6236	-32.04892595	0.053764568	0	0	462.22325	461.21597	7.365	unannotated
neg_feces	4838	131	0.057751251	0	0	386.26289	385.25562	6.959	unannotated
neg_plasma	822	-31.87027083	0.058569354	0	0	172.01213	171.00485	0.857	unannotated
neg_feces	4908	24.29126214	0.060198739	0	0	389.07413	388.06696	3.507	unannotated
pos_plasma	3966	-24.88888889	0.060232914	0	0	217.20383	218.21097	5.275	unannotated
neg_feces	4292	7.96875	0.062022653	0	0	362.09871	361.09143	4.479	unannotated
neg_plasma	5607	-14.24390244	0.062760172	0	0	578.48939	577.48236	14.177	unannotated
neg_feces	5217	-128	0.063066202	0	0	402.18898	401.1817	4.372	unannotated
pos_plasma	3301	0.43373494	0.063753581	0.000859549	0.011366677	186.03755	187.04486	6.746	unannotated
pos_plasma	4798	15.44444444	0.06539016	0	0	286.13133	287.13879	7.428	unannotated
neg_feces	3137	-48.1004718	0.065679705	0	0	314.06322	313.05594	3.22	unannotated
neg_feces	6077	2.3125	0.069886653	3.77E-22	5.49E-21	452.24	451.23273	7.37	unannotated
neg_feces	8157	-16.25	0.071365032	0	0	595.44581	594.43854	10.982	unannotated
pos_feces	5386	-26.66796875	0.071480871	0	0	244.15755	245.16483	7.64	unannotated
neg_feces	3262	-14.29166667	0.073080006	0	0	318.16654	317.15906	3.562	unannotated
pos_feces	7879	-19.44827586	0.073394994	0	0	384.28388	385.29099	12.034	unannotated
pos_plasma	5411	-16.0859685	0.073528903	0	0	357.35986	358.36707	10.37	unannotated
neg_feces	8628	-101.5	0.073700407	0	0	682.42616	681.41888	6.869	unannotated
neg_plasma	3674	1.33125	0.075719048	3.62E-61	4.54E-60	347.11189	346.10461	5.355	unannotated
pos_plasma	3801	11.9921875	0.076312475	0	0	211.04526	212.05232	10.291	unannotated
neg_feces	4809	-36	0.076985048	0	0	386.09855	385.09128	5.592	unannotated
neg_plasma	3013	3.275	0.077419252	0	0	305.84081	304.83368	14.571	unannotated
neg_plasma	1175	12.09375	0.078971538	0	0	197.08052	196.07338	0.851	N-Acetyl-histidine
neg_feces	2757	10.59102043	0.08045551	0	0	297.08388	296.0766	4.236	unannotated
neg_plasma	1429	63.9375	0.081499418	0	0	214.11921	213.11215	5.187	unannotated
pos_plasma	1453	10.24038462	0.084683636	0	0	134.00637	135.01352	6.637	unannotated
neg_feces	8314	25.46428571	0.085842015	0	0	618.28646	308.13596	7.952	unannotated
neg_plasma	4610	15.62142857	0.086349324	0	0	448.0696	447.06238	11.991	unannotated
neg_feces	4140	47.97204212	0.086364634	0	0	355.20933	354.20206	5.923	unannotated
pos_plasma	4011	4.366071429	0.086584346	0	0	220.9764	221.9834	7.617	unannotated
pos_plasma	2333	2.882575758	0.091579134	7.18E-220	1.08E-218	151.00895	152.01613	5.852	unannotated
neg_plasma	5950	-31.94338504	0.091831912	0	0	649.29751	648.29028	9.452	unannotated
neg_feces	3703	-12.94578313	0.092077719	0	0	340.21504	339.20776	12.736	unannotated
pos_plasma	6672	16.19702328	0.093242256	0	0	673.49449	674.50177	10.002	unannotated
pos_plasma	104	-6.3625	0.093343418	0	0	81.0584	82.06573	9.074	unannotated
neg_feces	4905	18.875	0.093652206	0	0	388.29259	387.28531	7.891	unannotated
neg_feces	3482	134	0.094127673	0	0	330.03672	329.02933	6.199	unannotated
neg_plasma	6310	16.08125	0.096024293	0	0	924.54222	923.53516	7.799	unannotated
neg_feces	3757	-17.484375	0.096841826	0	0	344.08826	343.08093	5.896	unannotated
neg_plasma	4055	-15.9375	0.097016634	0	0	385.97019	498.95578	3.254	unannotated
pos_plasma	4595	2.643939394	0.097195325	1.79E-219	2.67E-218	268.91311	269.92056	14.552	unannotated
neg_plasma	3510	-1.453488372	0.098145806	1.06E-56	1.32E-55	335.86987	334.86267	14.558	unannotated
neg_feces	1695	-16.08960394	0.099031339	0	0	253.0944	252.08731	3.826	N-Acetylvanilalanine
pos_feces	5688	9.09352518	0.099826489	9.84E-240	1.86E-238	259.18908	260.19656	1.289	unannotated
neg_plasma	681	8.984375	0.100374581	0	0	164.02069	163.01332	0.91	unannotated
pos_plasma	3849	4.612215909	0.100482568	0	0	213.20903	214.21623	10.271	unannotated
pos_feces	5774	-14.96153846	0.102005258	0	0	262.22959	263.23685	9.192	2-[5,8-Tetradecadien-1-yl]cyclobutanone
pos_plasma	5353	14.86956522	0.102430899	0	0	348.14147	349.14871	3.147	unannotated
neg_plasma	4432	12.83333333	0.103917149	0	0	429.85914	428.85187	6.643	unannotated
neg_plasma	2782	20.1875	0.108933864	0	0	293.07855	292.07144	0.851	unannotated
pos_plasma	3628	12.95	0.110461884	0	0	202.09928	203.1066	6.164	Demethoxyencecalin
pos_plasma	4572	7.987915039	0.110835148	0	0	267.25563	268.26303	8.444	unannotated
pos_plasma	2811	16.03397548	0.111363538	0	0	168.02701	169.03424	4.088	unannotated
pos_feces	1326	-9.2	0.115453927	2.05E-253	3.98E-252	126.07927	127.08631	1.317	unannotated
pos_plasma	6454	-6.027777778	0.116144131	0	0	582.24681	583.25409	8.756	unannotated
pos_feces	7760	-43.5	0.116735094	0	0	376.13476	377.14209	3.463	unannotated
pos_plasma	331	145.25	0.11694938	0	0	91.04264	92.05003	3.084	unannotated
neg_plasma	1838	8.444444444	0.118886422	0	0	232.09314	231.08606	3.258	unannotated
neg_feces	1280	101.4375	0.120448393	0	0	230.08897	229.0817	2.735	unannotated
pos_feces	8052	38.60273973	0.120950041	0	0	397.23697	199.62576	4.744	unannotated
neg_plasma	5770	384.75	0.121096601	0	0	607.7402	606.73309	14.566	unannotated
pos_plasma	2232	32.4744236	0.121226148	0	0	148.06552	149.07254	3.071	unannotated
neg_plasma	5045	-7.333333333	0.12223305	3.05E-251	4.12E-250	496.99493	495.9874	3.255	unannotated
pos_plasma	1174	-11.9921875	0.123492793	0	0	124.03054	125.0377	14.527	unannotated
neg_feces	6935	-31.875	0.12375198	0	0	498.27922	497.27194	3.673	unannotated
neg_feces	7543	-48.46280174	0.124744604	0	0	536.1008	267.04312	4.515	unannotated
neg_plasma	2423	8.03125	0.125168227	0	0	269.13852	268.13144	4.515	unannotated
neg_feces	8851	-13.98046875	0.127273383	0	0	758.49739	757.49011	10.318	unannotated
pos_plasma	1769	10.77777778	0.127571437	0	0	138.9943	140.00148	8.952	unannotated
pos_feces	7133	-56.375	0.127733194	0	0	339.24193	340.24921	8.098	unannotated
pos_plasma	4067	32.00053276	0.128268571	0	0	226.0587	227.06598	14.52	unannotated
pos_plasma	2699	23.37760417	0.129056038	0	0	165.06372	166.07114	5.914	unannotated
neg_feces	3039	15.15789474	0.130484892	0	0	309.13155	308.12415	3.267	unannotated
neg_plasma	2768	-32.02211034	0.135282651	0	0	291.9289	290.92163	7.875	unannotated
pos_feces	3892	21.375	0.135347544	0	0	192.08993	193.09741	3.611	unannotated
neg_plasma	1746	4.281690141	0.137059995	1.98E-44	2.44E-43	227.92418	226.9169	2.761	unannotated
pos_feces	9249	32.19739272	0.137375415	0	0	505.22118	506.22845	9.695	unannotated
neg_plasma	2820	-12	0.137888474	0	0	294.87068	293.8634	1.371	unannotated
pos_plasma	1303	15.80466413	0.138103945	0	0	128.96218	129.96951	14.562	unannotated
pos_plasma	4944	24.00816943	0.13823923	0	0	298.19264	299.19998	11.067	unannotated
pos_plasma	6165	4.79375	0.139084558	0	0	507.24387	508.25058	7.623	unannotated
neg_plasma	1261	17.875	0.140291256	0	0	202.15567	201.14839	7.397	unannotated
pos_plasma	5505	-21.00502608	0.143700401	0	0	367.07509	368.08237	1.935	unannotated
pos_plasma	1936	59.90625	0.14632227	0	0	144.06839	145.0757	9.376	Nutty oxaline
neg_feces	6291	15.67940312	0.147440668	3.65E-281	6.06E-280	465.3062	464.29892	6.662	unannotated
neg_feces	4760	23.96856901	0.148683711	0	0	384.09813	383.09085	4.454	unannotated
neg_plasma	867	59.875	0.14875574	0	0	175.04645	174.03905	0.885	unannotated
pos_plasma	3226	47.97301398	0.149502644	0	0	183.06557	184.07285	7.109	unannotated
neg_feces	906	192.5	0.150907258	0	0	204.06175	203.05447	3.274	unannotated
pos_plasma	4217	-13.96875	0.151631067	0	0	236.21335	237.22057	12.209	10,12-Hexadecadienal
pos_plasma	6616	25.82692308	0.152799447	0	0	644.30332	323.15845	7.797	unannotated
neg_plasma	3905	16	0.154793961	0	0	370.05025	369.04282	4.16	unannotated
pos_feces	7415	2.58125	0.158192251	3.24E-55	4.91E-54	355.21065	356.21793	3.649	unannotated
neg_plasma	1550	15.94814005	0.158542558	0	0	216.89224	215.88496	1.981	unannotated
pos_plasma	389	3.9375	0.160664212	0	0	95.07387	96.08107	5.35	unannotated
pos_plasma	1297	352.4375	0.16269022	0	0	128.51696	129.52423	7.61	unannotated
pos_plasma	39	9.930232558	0.163335736	0	0	74.01896	116.05277	1.722	unannotated
neg_plasma	974	-21.33793251	0.165077784	0	0	183.90573	182.89845	14.599	unannotated
neg_feces	2763	-130.015625	0.165145052	0	0	298.08275	297.07547	5.539	unannotated
pos_plasma	4677	15.92759773	0.165460755	0	0	277.16731	278.17459	7.05	unannotated
pos_plasma	4836	13.875	0.165539687	0	0	288.42228	289.42953	2.239	unannotated
pos_feces	6684	-65.4625	0.165651454	0	0	310.26583	311.2731	8.26	unannotated
pos_feces	3268	-10.75461521	0.166828968	3.36E-171	5.88E-170	174.11149	175.11848	2.862	unannotated
neg_feces	5392	-24.9	0.16883145	0	0	410.1925	409.18515	5.132	unannotated
neg_feces	1799	22.125	0.1715881	0	0	258.18187	257.17459	8.395	Tetradecanedioic acid
neg_plasma	4789	-7.875	0.172802827	0	0	466.95364	465.94662	0.826	unannotated
pos_plasma	3856	-20.75	0.175085428	0	0	213.20993	214.21721	8.445	unannotated
neg_feces	8787	-21.41517751	0.175403185	0	0	735.34597	734.33881	5.88	unannotated
pos_feces	6003	-16.08444799	0.175487297	0	0	276.17201	277.17929	9.456	cyclandelate
pos_plasma	5668	26.03240741	0.176025975	0	0	403.26888	404.27615	9.265	unannotated
neg_plasma	358	3.8125	0.17667964	8.32E-118	1.08E-116	131.98933	130.98206	2.874	unannotated
pos_plasma	2752	8.051012962	0.178496898	0	0	166.0479	167.05518	12.325	Xylonic acid
neg_plasma	3545	21.34490702	0.179425512	0	0	337.87461	336.86725	1.005	unannotated
pos_plasma	689	-522	0.180594761	0	0	107.03741	108.04473	2.732	6-iminocyclohexa-2,4-dienone
pos_plasma	687	-9.5	0.181114115	0	0	107.03675	149.07057	1.609	unannotated
pos_plasma	3630	3.303571429	0.181579621	1.30E-63	1.77E-62	202.17192	203.1792	9.553	Curcumene
neg_feces	7002	-15.98469918	0.182951191	0	0	501.24203	500.2355	3.466	unannotated
pos_plasma	1977	-4.714285714	0.183852998	1.91E-222	2.89E-221	146.05764	147.06494	6.759	unannotated
neg_feces	4989	47.96933272	0.183948915	0	0	392.19359	391.1861	5.357	unannotated
pos_plasma	266	-6.8	0.18518509	0	0	88.0313	89.03868	1.261	unannotated
pos_plasma	5930	16.07562269	0.187958461	0	0	452.95971	453.96643	0.801	unannotated
pos_plasma	6379	7.9375	0.188173863	0	0	558.28923	559.29492	9.456	unannotated
neg_plasma	6184	-18.21428571	0.190311677	0	0	776.70026	775.69202	2.537	unannotated
pos_plasma	5134	15.76074678	0.192127845	0	0	316.9876	317.99487	1.279	unannotated
neg_feces	3540	18.11764706	0.192845569	0	0	332.0554	331.04813	5.779	unannotated
pos_plasma	3902	-6.25	0.192854267	2.98E-165	4.24E-164	214.12009	215.12741	9.812	unannotated
pos_plasma	3955	15.82935842	0.194122277	0	0	216.15466	217.16197	8.692	unannotated
neg_plasma	3028	56.25	0.200800223	0	0	306.06082	305.05356	1.725	unannotated
neg_plasma	3448	29.7	0.203059231	0	0	331.96144	330.95416	3.096	unannotated
pos_plasma	4097	-59.75	0.203149113	0	0	227.22461	228.23175	6.376	unannotated
pos_feces	8334	2.875	0.203183006	4.76E-09	6.80E-08	415.34338	416.35031	7.086	unannotated
pos_feces	1792	-21.3901682	0.203909245	0	0	136.12512	137.13234	11.513	unannotated
neg_plasma	4463	31.86170193	0.205782045	0	0	432.19823	431.19095	7.347	unannotated
pos_plasma	2437	-31.97626854	0.20684803	0	0	154.03751	155.0446	0.867	Acipimox
pos_feces	2145	23.5	0.207748283	0	0	146.10934	147.11674	8.626	unannotated
neg_feces	4387	48.10796272	0.208790073	0	0	367.13685	366.12958	3.298	unannotated
neg_feces	7107	-23.94127177	0.209589574	0	0	508.21508	507.20779	4.15	unannotated
pos_feces	7835	-80.25	0.211724603	0	0	381.33537	382.34265	10.309	unannotated
neg_plasma	5726	11.75714286	0.215671153	0	0	599.25423	598.24701	7.867	unannotated
neg_feces	8474	-17.015625	0.216122454	0	0	648.26217	323.12381	6.143	unannotated
neg_plasma	5123	-10.62007395	0.216173116	0	0	506.27137	505.26434	6.187	unannotated
neg_feces	1625	15.89583333	0.219008503	0	0	248.0887	247.08142	0.95	unannotated
neg_plasma	4674	-87.9375	0.221141727	0	0	454.25517	453.24789	8.012	Rhodojaponin IV
pos_feces	6054	21.22632785	0.221515584	0	0	278.22394	279.23093	9.587	unannotated
pos_feces	434	-32.40766569	0.221603025	0	0	95.07403	96.08101	1.097	unannotated
neg_plasma	6370	85.75	0.221769548	0	0	1237.48486	617.73511	5.154	unannotated
pos_feces	282	33.375	0.222840778	0	0	87.94577	88.95316	1.048	unannotated
neg_feces	7667	32.06405975	0.223667997	0	0	546.26369	545.2561	3.378	unannotated
pos_feces	3296	-143.625	0.22457183	0	0	175.04756	176.05484	9.978	N-Acetyl-aspartic acid
neg_plasma	5436	2.708333333	0.225269724	2.16E-164	2.86E-163	552.88154	551.87427	6.632	unannotated
neg_feces	5144	-12.75	0.225453908	0	0	398.25165	397.24472	4.573	unannotated
neg_feces	3113	10.1875	0.226023604	0	0	312.22905	311.22183	8.652	unannotated
neg_feces	8702	-21.41145833	0.228631444	0	0	704.12582	351.05563	1.003	unannotated
neg_feces	304	15.75	0.229427486	0	0	142.06151	141.05423	2.135	unannotated
pos_plasma	5954	7.288461538	0.231172493	1.50E-208	2.19E-207	460.26621	461.27322	9.871	unannotated
pos_plasma	1626	36.125	0.231887858	0	0	135.03163	136.03891	1.215	unannotated
pos_plasma	3041	15.87591004	0.233172217	0	0	177.05073	178.05809	0.774	unannotated
neg_feces	3727	-5.25	0.233850819	0	0	342.14844	341.1413	12.912	unannotated
neg_plasma	296	15.94559686	0.235205554	0	0	125.01298	124.0057	0.842	Taurine
neg_plasma	5929	17.875	0.235412145	0	0	642.27222	641.26508	8.726	unannotated
neg_plasma	290	-3.25	0.238822167	3.39E-29	4.14E-28	124.05087	123.04346	4.522	unannotated
neg_plasma	5891	-8.05468651	0.240115969	0	0	633.36308	632.35614	9.692	unannotated
pos_plasma	1274	-64.16666667	0.240438097	0	0	128.01107	129.01823	1.221	unannotated
neg_feces	2502	-4.133333333	0.24047647	6.52E-148	1.06E-146	285.23732	284.23004	11.131	unannotated
pos_plasma	1464	15.65819576	0.244417341	0	0	134.06063	135.06772	1.265	unannotated
neg_plasma	1870	5.75	0.246912258	0	0	234.10907	233.10191	3.868	unannotated
neg_feces	4185	8.290176655	0.24809838	0	0	357.26176	356.25461	4.646	13,14-dihydro Prostaglandin E1
pos_plasma	388	-32.125	0.248192263	0	0	95.07386	96.08107	4.193	unannotated
neg_plasma	1862	-16.10745342	0.248836492	0	0	234.0041	232.99687	1.796	unannotated
neg_plasma	5713	-63.75	0.249202991	0	0	596.49973	595.49243	13.309	unannotated
neg_plasma	557	11.75	0.251492404	0	0	154.06147	153.05417	3.474	unannotated
neg_feces	5058	40.98	0.252455827	0	0	394.22911	393.22183	4.985	unannotated
pos_plasma	2808	63.94212316	0.253130595	0	0	168.02696	169.0341	4.517	unannotated
neg_plasma	634	9.424242424	0.253375709	0	0	160.07207	159.06479	1.716	unannotated
pos_plasma	6269	-151.875	0.255570369	0	0	530.19829	531.20557	3.134	unannotated
neg_plasma	2874	-16.02023487	0.257659697	0	0	297.89648	296.8891	0.761	unannotated
pos_feces	2408	-0.03125	0.258113837	0	0	152.06252	153.06979	7.764	unannotated
neg_feces	7103	-32	0.259575509	0	0	508.12584	507.11856	1.132	unannotated
pos_plasma	2887	-15.809247	0.261514157	0	0	170.09399	171.10127	7.053	1-(3-Furyl)-1,4-pentanediol
neg_plasma	1243	-64.046875	0.26189665	0	0	201.92759	200.92041	0.947	unannotated
pos_feces	3858	-5.32	0.264718534	1.98E-162	3.43E-161	190.17209	191.17937	11.793	unannotated
neg_plasma	1204	10.61733009	0.265999635	0	0	198.90832	197.901	1.669	unannotated
pos_feces	5782	-16.125	0.271710552	0	0	263.26113	264.2684	10.757	unannotated
neg_feces	5083	24.00199738	0.276048016	0	0	396.15242	395.14514	4.882	unannotated
pos_plasma	681	-20.015625	0.27758418	0	0	106.9521	255.93793	14.578	unannotated
neg_plasma	3707	17	0.278344659	2.97E-228	3.97E-227	350.1732	349.16592	6.64	unannotated
neg_feces	4866	-12.41666667	0.280280443	2.06E-125	3.19E-124	388.12008	387.11279	0.845	unannotated
pos_plasma	3499	7.967936111	0.280396437	0	0	195.08929	196.09666	1.206	Metirosine
neg_feces	2308	23.33333333	0.281522895	0	0	276.12011	275.11292	4.114	unannotated
neg_plasma	5125	-48.83333333	0.28485154	0	0	506.27186	505.26459	9.328	unannotated
pos_feces	4580	22.57591623	0.285023703	1.71E-65	2.65E-64	213.1852	214.19191	1.313	unannotated
neg_plasma	1924	-7.938329598	0.287687268	0	0	239.93791	238.93065	1.098	unannotated
pos_feces	7335	2.5	0.289732868	6.18E-58	9.42E-57	351.23829	352.24536	10.716	unannotated
pos_plasma	4811	12.25	0.289825507	0	0	287.06404	288.07132	1.905	unannotated
pos_plasma	6488	-55.5	0.291741337	0	0	593.36785	594.37512	10.883	unannotated
neg_plasma	2760	-29.375	0.29366625	0	0	290.90362	289.89639	3.789	unannotated
pos_plasma	6988	31.87525151	0.293790861	0	0	796.51848	797.52576	9.975	unannotated
neg_plasma	986	-7.727346681	0.296109996	0	0	184.10858	183.10133	7.4	unannotated
neg_feces	3983	-12.07970669	0.298153678	0	0	348.1671	347.15982	7.461	unannotated
pos_plasma	3520	-10.59138213	0.298454029	0	0	196.12098	197.1283	3.705	unannotated
neg_plasma	1727	-23.81315095	0.299245787	0	0	226.11936	225.11206	6.568	unannotated
pos_plasma	639	20.92978463	0.300379986	0	0	104.02075	105.02802	4.657	unannotated
pos_feces	367	32.13671875	0.300944959	0	0	92.06289	93.07017	10.193	unannotated
pos_plasma	7043	-47.98281771	0.302729841	0	0	817.4418	818.44775	12.005	unannotated
pos_feces	7845	-5.666666667	0.303552369	6.97E-72	1.09E-70	382.25081	383.25812	5.929	unannotated
pos_feces	5900	31.97561482	0.304847192	0	0	270.16934	271.17664	3.653	unannotated
pos_feces	6730	-28.77777778	0.305045183	0	0	313.33401	314.34119	8.413	unannotated
pos_plasma	6957	-76.125	0.305200044	0	0	788.60545	789.61304	10.334	unannotated
neg_plasma	4966	-16.02551266	0.308735343	0	0	486.20637	485.19879	7.185	unannotated
pos_plasma	7145	-31.76216666	0.308812648	0	0	973.7249	974.73114	3.037	unannotated
neg_plasma	2395	31.85504655	0.309066557	0	0	267.0686	266.06134	1.404	unannotated
neg_plasma	2219	6.714285714	0.30916798	0	0	256.96642	255.95906	1.424	unannotated
pos_feces	9356	-32.10250011	0.311198088	0	0	523.36276	524.37085	11.278	unannotated
pos_feces	9263	-31.81449424	0.31224353	0	0	509.28066	510.28836	5.926	unannotated
neg_feces	3446	20.83854167	0.314078364	0	0	328.22374	327.21683	6.581	unannotated
neg_plasma	686	-16.28676537	0.314946067	0	0	164.04599	163.03871	3.372	unannotated
neg_feces	1943	16.5	0.315100564	2.07E-140	3.30E-139	266.03862	265.0311	8.246	unannotated
pos_plasma	3060	-16.13490303	0.318558131	0	0	178.05158	179.05905	2.509	unannotated
pos_feces	3747	-16.20051081	0.319452779	0	0	187.09578	188.10306	3.433	unannotated
pos_feces	2103	-2.71875	0.319621038	2.96E-54	4.45E-53	146.03671	147.04407	7.267	unannotated
neg_feces	7622	-15.96970901	0.320411589	0	0	542.25313	541.24591	6.87	unannotated
neg_feces	4537	-24.21891862	0.322190373	0	0	373.18345	372.17624	3.313	unannotated
pos_plasma	2982	32.00148942	0.323193409	0	0	174.11144	175.11858	0.816	Arginine
pos_plasma	70	-3.681818182	0.323776796	1.39E-154	1.95E-153	78.04752	79.05478	2.348	unannotated
pos_feces	5200	-64.5	0.324262023	0	0	237.13605	238.14363	7.086	unannotated
pos_plasma	5005	39.72704161	0.325717755	0	0	302.16861	303.17569	1.415	unannotated
pos_feces	4769	10.67708333	0.325778335	0	0	219.08936	220.09639	5.979	unannotated
pos_plasma	5054	-6.828125	0.333430503	0	0	309.03415	310.04178	6.608	unannotated
pos_feces	7052	6.848484848	0.334555175	2.10E-162	3.62E-161	335.11547	336.12274	5.947	Berberine
neg_feces	6887	15.9299555	0.336308259	0	0	494.29906	493.29196	14.489	unannotated
pos_feces	1094	15.95454545	0.337827467	0	0	120.06883	121.07611	3.651	unannotated
pos_feces	903	2.611111111	0.339842254	4.80E-45	7.13E-44	114.04326	115.05054	3.184	unannotated
neg_plasma	2427	-15.96116266	0.341461819	0	0	269.98883	268.98148	1.495	unannotated
pos_feces	1959	-10.16666667	0.341681567	0	0	141.99419	143.00136	1.084	unannotated
pos_plasma	3009	58.75	0.341951669	0	0	176.04729	177.05457	3.596	hymecromone
pos_feces	560	9.16	0.342837622	3.04E-222	5.57E-221	102.03228	103.0396	3.815	unannotated
pos_plasma	2553	2.5	0.346931262	7.69E-138	1.07E-136	160.04098	161.0484	2.505	unannotated
pos_feces	1099	80.8125	0.348630462	0	0	120.08143	121.08854	5.025	unannotated
pos_feces	4948	-64.16666667	0.3498139	0	0	226.17189	227.17935	7.027	unannotated
neg_plasma	1779	-193	0.353842237	0	0	229.16672	228.15944	6.211	unannotated
pos_feces	8234	-6.85	0.356465786	5.32E-186	9.52E-185	410.35004	411.35721	9.895	unannotated
pos_feces	8787	-31.82795109	0.359399769	0	0	458.2375	459.24478	3.866	unannotated
pos_plasma	4874	16.32680645	0.362631263	0	0	294.01579	295.02307	2.855	unannotated
neg_plasma	1807	7.733332414	0.366579464	0	0	230.15066	229.14346	6.269	unannotated
neg_feces	5181	-23.98681588	0.366780648	0	0	400.1904	399.18292	5.896	unannotated
neg_feces	3226	8.037302404	0.370638975	0	0	317.15791	316.15063	2.969	unannotated
pos_feces	4231	-10.5	0.372475347	0	0	203.12664	204.13409	1.27	Gly-Lys
pos_plasma	3317	8.060365565	0.37352209	0	0	186.08897	187.09641	9.183	unannotated
pos_feces	9416	-6	0.375926619	1.14E-106	1.87E-105	537.24297	538.25024	7.257	unannotated
neg_feces	1950	-15.77106496	0.376151657	0	0	266.03943	265.03278	10.47	unannotated
neg_feces	4980	-46	0.376453628	0	0	391.9073	390.89957	0.806	unannotated
pos_plasma	5935	-7.75	0.380403218	0	0	454.16765	455.17471	3.125	unannotated
neg_feces	761	16.5	0.381049339	0	0	189.04125	188.03401	3.469	unannotated
neg_plasma	1469	16.75	0.389435609	0	0	216.03302	215.02574	11.527	unannotated
pos_feces	3366	79.53666798	0.390985219	0	0	177.0463	178.05373	1.109	unannotated
neg_plasma	3046	-450	0.391208378	0	0	307.01892	306.01178	1.304	unannotated
neg_feces	219	10.65229726	0.394032322	0	0	126.00657	124.99937	0.913	unannotated
neg_feces	766	8.09375	0.398108816	0	0	189.99224	188.98497	3.436	unannotated
pos_feces	7139	23.96875	0.399208708	0	0	339.34984	340.35715	8.928	unannotated
neg_plasma	2913	-16.125	0.399371936	0	0	299.06707	298.05963	5.806	unannotated
pos_feces	4924	-7.841275208	0.400376874	0	0	226.13148	227.13921	3.677	pentobarbital
neg_feces	1096	-48.07669657	0.400785575	0	0	218.11408	217.10677	4.083	unannotated
neg_feces	1433	15.96014366	0.402926662	0	0	240.06216	239.05489	4.649	unannotated
neg_feces	4860	-4.124006917	0.403632781	0	0	388.08159	387.07431	5.185	unannotated
pos_feces	9369	-23.25	0.405601586	0	0	527.29189	528.29907	5.13	unannotated
pos_feces	6469	79.75	0.406244133	0	0	300.1472	301.15448	11.54	unannotated
neg_plasma	1031	7.5	0.407230064	0	0	188.02032	187.01306	3.51	unannotated
neg_feces	6879	6.160714286	0.40771666	3.67E-73	5.58E-72	494.24954	493.24207	5.713	unannotated
pos_feces	3698	32.57501406	0.411998237	0	0	186.10035	187.10788	1.283	unannotated
pos_feces	9383	19.55555556	0.412419415	0	0	530.35845	531.36572	10.879	unannotated
neg_feces	4155	2.0390625	0.413161192	0	0	356.1588	355.15152	8.478	unannotated
pos_feces	6225	-7.709284983	0.413418406	0	0	288.14659	289.15381	5.505	unannotated
pos_plasma	4907	39.87185259	0.413612068	0	0	296.07469	297.08206	14.168	unannotated
pos_plasma	653	24.23575659	0.414677745	0	0	104.92749	105.9351	1.117	unannotated
neg_feces	5384	31.47375959	0.416505255	0	0	410.04621	409.03857	14.471	unannotated
pos_feces	583	8.1875	0.416641742	0	0	103.04675	224.12733	1.272	unannotated
neg_feces	9284	-16.03382625	0.417020896	0	0	1600.53062	799.25836	3.572	unannotated
pos_feces	2713	40.01893939	0.417689909	0	0	160.05218	161.05945	8.857	unannotated
neg_plasma	4699	-8.375	0.42247316	0	0	457.81172	456.80444	1.022	unannotated
pos_feces	3132	-11.20938238	0.422588943	0	0	169.09593	170.10321	1.268	unannotated
neg_feces	2469	32.26368702	0.424946182	0	0	284.12497	283.11777	5.642	2-Phenylethyl-glucopyranoside
neg_feces	1761	-6.76	0.428402132	1.32E-198	2.16E-197	256.23924	255.23203	13.431	unannotated
neg_plasma	1072	-8.073634932	0.428922871	0	0	190.04633	189.03906	0.934	unannotated
neg_plasma	3683	32.03256222	0.428963008	0	0	347.95299	346.94571	0.847	unannotated
pos_feces	5644	7.875	0.430346085	0	0	257.10513	258.11258	5.034	unannotated
neg_feces	6311	-15.8488719	0.431403131	0	0	466.20094	465.19366	7.059	unannotated
pos_feces	3760	-15.79884967	0.433856455	0	0	188.07943	189.08669	1.268	unannotated
neg_feces	620	64.17288079	0.435153149	0	0	176.06701	175.05981	2.636	unannotated
neg_feces	5628	23.74753437	0.436759971	0	0	424.29283	423.28555	7.389	unannotated
pos_feces	454	15.77088099	0.439414792	0	0	96.98434	97.99183	14.575	unannotated
neg_feces	4512	-87.125	0.440112207	0	0	372.19547	371.18787	6.833	unannotated
pos_feces	2480	6.296296296	0.441969026	9.81E-201	1.78E-199	154.0592	155.06638	1.085	unannotated
pos_plasma	3666	-6.166666667	0.442685984	1.51E-163	2.14E-162	204.11486	205.12201	9.263	unannotated
neg_feces	7246	40.20206333	0.444121589	0	0	517.28036	516.27325	5.812	terpendole K
pos_plasma	5470	16.10259879	0.445424799	0	0	360.96354	361.97064	3.374	unannotated
pos_feces	845	18.9375	0.450270046	0	0	111.97135	112.9788	0.734	unannotated
pos_feces	687	107.75	0.450801343	0	0	107.07384	108.08127	5.092	unannotated
neg_feces	7346	7.964318794	0.450818467	2.47E-293	4.12E-292	524.31477	523.3075	8.865	unannotated
pos_feces	3212	64.27192973	0.451530656	0	0	172.12126	173.12854	4.629	unannotated
neg_feces	7518	-7.9375	0.451782343	0	0	534.3177	533.31042	6.639	unannotated
neg_feces	7418	-15.88034052	0.452762924	0	0	528.30971	527.30243	7.647	Milbemectin A3
neg_plasma	2258	-23.75	0.454548453	0	0	258.82551	257.81821	2.751	unannotated
pos_feces	4766	32.2440981	0.459088449	0	0	219.05972	220.067	0.849	unannotated
neg_feces	2137	15.59653722	0.461608202	0	0	268.15001	267.14273	11.42	unannotated
pos_feces	7795	-48.61977133	0.461906303	0	0	378.28806	379.29535	7.328	unannotated
pos_feces	6045	16.37600121	0.465330875	0	0	278.16298	279.17026	4.978	unannotated
pos_feces	1601	6.7	0.466010546	4.38E-237	8.09E-236	133.05246	134.05969	11.131	unannotated
neg_feces	7654	-10.6	0.466489524	0	0	544.9774	543.96997	14.624	unannotated
neg_feces	8532	-16.08757335	0.467014921	0	0	658.3787	657.37128	3.621	unannotated
neg_plasma	2082	-31.9375	0.46726448	0	0	248.03473	247.02734	4.523	unannotated
pos_plasma	5487	16.32805811	0.472485032	0	0	362.28145	363.28873	10.35	unannotated
neg_feces	9292	31.58337332	0.474162444	0	0	1615.67241	806.82727	0.845	unannotated
neg_plasma	103	-8.359375	0.474726204	0	0	97.97502	96.9678	0.945	unannotated
pos_feces	7168	71.625	0.476602496	0	0	341.25655	342.26382	8.265	2-Dodecenoylcarnitine
pos_feces	678	-16.12617199	0.477982341	0	0	107.03763	108.04491	4.431	unannotated
pos_plasma	1064	7.75	0.479441299	0	0	121.0164	122.02367	1.619	unannotated
neg_plasma	5537	-7.827435245	0.480324169	1.51E-265	2.08E-264	567.82795	566.82104	1.229	unannotated
pos_feces	4058	8	0.48498405	0	0	198.14069	199.14816	10.095	unannotated
neg_feces	2081	-32.39312958	0.485498782	0	0	266.27223	265.26486	10.564	unannotated
neg_feces	1115	-48.1190261	0.485952808	0	0	219.10958	218.10243	3.55	unannotated
pos_feces	8669	31.89511899	0.486804792	0	0	446.24193	447.24921	7.973	unannotated
pos_feces	1450	16.4691795	0.488808512	0	0	130.06314	131.0704	4.491	unannotated
pos_plasma	1878	-24.01993529	0.491802702	0	0	142.06276	143.07004	7.078	unannotated
neg_plasma	782	63.92436735	0.495659272	0	0	168.052	167.04471	2.929	unannotated
pos_feces	7975	-7.920204542	0.500874172	0	0	391.21008	392.21768	3.877	unannotated
pos_feces	5759	-7.895555044	0.504919686	0	0	262.19292	263.19974	8.717	unannotated
pos_feces	8128	-95.32374391	0.506416182	0	0	401.32775	402.33502	9.806	unannotated
pos_feces	5792	32.27183556	0.508004556	0	0	264.11467	265.12207	7.307	Cryptotanshinone
pos_feces	5872	7.761758774	0.508814616	2.47E-308	4.90E-307	269.03275	270.03964	9.459	unannotated
pos_plasma	5133	-7.910628368	0.514794233	7.84E-176	1.14E-174	316.94108	317.94876	3.002	unannotated
neg_feces	2376	11.82013814	0.5147986	0	0	280.13239	279.12491	6.898	unannotated
pos_feces	7175	-30.4	0.515898266	0	0	342.12109	343.1283	3.865	unannotated
neg_feces	3648	7.927039941	0.515993595	0	0	336.24186	335.23477	12.928	unannotated
neg_plasma	6227	-8.147052828	0.52356131	3.72E-257	5.07E-256	817.47786	816.47058	7.051	unannotated
pos_feces	3979	37.25	0.525526935	0	0	195.0896	196.09688	4.926	unannotated
pos_feces	2170	2.5	0.52607097	7.57E-17	1.10E-15	147.06832	148.07559	4.672	3-(2-Furylmethyl)-1H-pyrrole
neg_plasma	6084	-8.010230732	0.535411926	0	0	690.32656	344.15601	6.661	unannotated
neg_feces	1348	-16.29266642	0.536296604	0	0	232.98039	231.97311	4.124	unannotated
pos_feces	762	48	0.54445221	0	0	109.08936	110.09653	4.2	unannotated
neg_plasma	1955	-12.5	0.545248832	0	0	241.98508	240.97783	3.727	unannotated
pos_feces	718	-40.17737888	0.562206708	0	0	108.09409	109.10149	8.718	unannotated
pos_feces	4116	-23.77692815	0.567703996	0	0	200.07937	201.08676	1.264	unannotated
pos_plasma	3956	-10.86363636	0.573142597	1.21E-213	1.78E-212	216.18727	217.19455	10.734	unannotated
pos_feces	696	-79.50866482	0.583615595	0	0	108.05766	109.06527	4.475	unannotated
pos_feces	1368	-318	0.586637915	0	0	128.03661	129.04395	1.115	unannotated
pos_feces	1419	38.61428571	0.587666598	0	0	129.05809	130.06537	3.981	Gramine
pos_plasma	6933	-8.0625	0.590299765	0	0	783.57408	784.58234	7.697	unannotated
neg_plasma	844	-24.04748781	0.594590814	0	0	173.99816	346.98904	3.727	4-phenolsulfonic acid
pos_feces	8960	39.93192592	0.594930501	0	0	473.82522	474.83325	0.735	unannotated
pos_feces	276	-16.2716585	0.597067426	3.05E-294	6.01E-293	87.03713	88.04432	1.074	unannotated
pos_feces	3146	10.19318182	0.597756916	5.00E-118	8.29E-117	170.06865	171.07593	0.903	3-Hydroxyanthranilic acid
pos_feces	771	8.875	0.599257444	7.19E-172	1.27E-170	109.09587	110.10315	2.3	unannotated
pos_feces	1555	-24.00585938	0.599625082	0	0	132.09381	133.10126	6.215	unannotated
pos_plasma	5519	-74	0.602716803	0	0	368.34383	369.35114	10.351	unannotated
neg_feces	1560	16.25639551	0.603303017	0	0	244.17765	243.17032	3.953	unannotated
neg_feces	8327	3.923750561	0.604738156	0	0	620.25228	619.24316	3.532	unannotated
neg_plasma	3148	-32.06712007	0.615201088	0	0	312.67221	311.66486	6.042	unannotated
pos_plasma	5601	12.03125	0.616530172	0	0	386.2061	387.21338	7.201	unannotated
pos_feces	607	7.41749725	0.617551447	1.29E-149	2.19E-148	104.06286	105.07015	4.623	Styrene
neg_feces	2773	-15.93985939	0.619951433	4.87E-304	8.20E-303	298.14052	297.13351	5.374	unannotated
neg_feces	7609	-6.407877604	0.620122336	3.62E-141	5.82E-140	540.36439	539.35712	7.514	unannotated
pos_plasma	5266	-15.93640336	0.620840752	0	0	336.24456	337.25171	6.985	unannotated
pos_feces	2261	2	0.62170082	7.90E-12	1.14E-10	148.12468	149.13196	6.728	unannotated
pos_feces	3138	15.84400183	0.624860932	0	0	169.1468	170.15405	3.368	unannotated
pos_feces	9328	-24.42669132	0.638253418	0	0	518.42965	519.43738	0.846	unannotated
neg_feces	2449	10.79359992	0.640950072	3.56E-138	5.60E-137	282.25492	281.24771	14.677	unannotated
pos_feces	8741	15.875	0.641879018	0	0	454.30586	455.31314	10.789	unannotated
pos_feces	5418	8	0.645961113	4.26E-272	8.32E-271	246.10369	247.11125	4.155	unannotated
pos_feces	5947	28	0.649491411	0	0	272.21368	273.22107	10.641	Androst-3-en-17-one
pos_feces	9385	212	0.650091336	0	0	531.21057	532.21777	4.05	unannotated
pos_feces	288	16.46666667	0.654064767	2.30E-237	4.28E-236	88.00169	89.00894	1.067	unannotated
pos_feces	6112	-79.91758007	0.665306679	0	0	282.16186	283.16913	6.072	unannotated
neg_feces	5627	16.28835339	0.676929392	0	0	424.29271	423.28543	7.952	unannotated
neg_plasma	1629	8.246907011	0.682366349	0	0	219.82328	218.81609	1.118	unannotated
pos_feces	6840	-24	0.685367364	0	0	320.17282	321.17981	4.919	unannotated
pos_plasma	6231	-86.5	0.699135037	0	0	521.03264	522.03992	10.447	unannotated
pos_plasma	3190	-15.79178116	0.699464814	0	0	182.05771	183.06494	3.141	unannotated
neg_feces	2910	16.44906905	0.715307196	0	0	302.17205	301.16479	4.183	unannotated
pos_plasma	6858	13.875	0.726297677	0	0	759.5702	760.57764	14.473	unannotated
neg_feces	4483	-16.3989181	0.727941697	0	0	370.34307	369.33572	13.423	unannotated
neg_feces	2568	7.96875	0.730476547	0	0	288.12051	287.11319	7.622	unannotated
neg_feces	1460	23.9375	0.733097548	0	0	241.0574	240.05014	2.747	unannotated
neg_plasma	2757	-23.94134276	0.734189238	0	0	290.17215	289.16498	6.399	unannotated
pos_feces	5866	-15.75	0.735604684	0	0	268.16728	269.17474	4.084	unannotated
pos_feces	552	-31.52880487	0.743048893	0	0	101.96261	143.9964	0.872	unannotated
pos_plasma	1016	15.85623166	0.743355848	0	0	119.01639	120.02361	1.051	unannotated
pos_feces	9902	-23.99685523	0.74390557	0	0	675.47116	676.47742	8.187	unannotated
pos_feces	928	8.5	0.753970461	7.73E-74	1.22E-72	115.06346	116.07055	3.254	Proline
pos_feces	8940	32.05468381	0.755873974	0	0	472.31705	473.32397	10.208	unannotated
pos_feces	5343	-23.57142857	0.76156741	1.24E-186	2.24E-185	243.07835	244.08556	1.077	unannotated
neg_feces	2955	24.70525534	0.762186425	0	0	304.20564	303.19836	13.113	unannotated
pos_feces	2031	15.65924788	0.76605389	0	0	143.97955	144.98688	0.957	unannotated
neg_plasma	5080	2.07150189	0.768596022	3.21E-75	4.10E-74	500.38144	499.37421	8.767	unannotated
neg_feces	2779	15.55742418	0.779428351	0	0	298.15602	297.14874	7.986	unannotated
neg_feces	3552	-4.03125	0.781436563	5.51E-32	8.13E-31	332.1361	331.12872	5.571	unannotated
neg_feces	283	-0.471280256	0.78257698	3.45E-12	4.96E-11	138.03005	137.02271	5.551	Salicylic acid
pos_feces	4202	15.75	0.78666306	0	0	202.13494	203.14236	6.214	unannotated
neg_feces	2178	12.375	0.811964188	1.06E-92	1.64E-91	270.12049	269.1131	1.07	unannotated
neg_plasma	4590	24.24013052	0.813773228	0	0	446.15986	445.15259	4.274	unannotated
neg_plasma	5434	-12.31798997	0.853731349	0	0	552.31038	551.30292	7.193	unannotated
neg_plasma	3721	-4.110719093	0.856749643	0	0	351.15707	350.14981	4.701	unannotated
neg_feces	5459	-8.177021897	0.861402461	4.89E-139	7.75E-138	414.20602	413.19901	5.745	unannotated
pos_feces	704	16.11484825	0.86157671	0	0	108.0691	109.07651	1.158	unannotated
pos_feces	5650	-15.92675714	0.872067298	0	0	257.15245	258.16003	4.896	unannotated
neg_feces	1823	-8.035596598	0.872797018	0	0	259.99813	258.99072	3.816	unannotated
pos_feces	7089	20.82739303	0.883698141	0	0	336.26525	337.2724	9.366	2-Linoleoyl glycerol
pos_feces	9552	-15.75	0.889025267	0	0	576.26354	577.27081	2.295	unannotated
pos_feces	6922	-31.90279929	0.894054995	0	0	325.37028	326.37781	10.331	unannotated
pos_feces	9436	23.87973895	0.900110479	0	0	541.28069	542.28741	8.039	unannotated
pos_feces	9335	-31.51412471	0.900154753	0	0	519.33367	520.34015	8.586	unannotated
pos_feces	2662	5.125	0.905412211	1.64E-91	2.64E-90	158.08423	159.09113	3.376	1,5-DAN
pos_feces	10337	40.03385557	0.912988484	0	0	1801.69255	901.85352	4.263	unannotated
pos_plasma	7016	24.0625	0.945282251	0	0	807.57457	808.58185	9.781	unannotated
neg_plasma	241	23.84887352	0.945974882	0	0	117.94094	116.93347	13.543	unannotated
pos_feces	3051	-40.13915098	0.982005608	0	0	167.09441	168.10152	5.751	unannotated
pos_feces	6082	-3.333333333	0.984793798	2.36E-117	3.88E-116	280.23989	281.24738	11.073	unannotated
pos_plasma	5713	6.09375	0.993445795	3.25E-69	4.48E-68	413.29219	414.29929	7.057	unannotated
pos_feces	1625	-7.832947618	1.001403119	7.03E-29	1.04E-27	134.03664	135.04387	9.726	unannotated
pos_feces	8783	-64.2	1.028644843	0	0	458.05199	230.03378	1.116	unannotated
pos_feces	8456	-8.5	1.042358315	6.47E-76	1.03E-74	427.35632	428.36356	10.515	unannotated
pos_feces	9077	-8.193994641	1.052810498	1.52E-91	2.46E-90	485.85888	486.86584	0.848	unannotated
neg_plasma	3424	2.046894637	1.06151253	4.80E-118	6.30E-117	330.17622	329.16895	8.866	unannotated
neg_feces	4574	-3.75	1.08331761	9.66E-31	1.42E-29	374.25732	373.24985	12.138	unannotated
neg_plasma	1131	-48.25649775	1.095397211	0	0	193.98718	192.97986	1.547	unannotated
pos_feces	7079	-12.35714286	1.132157235	7.47E-88	1.19E-86	336.24443	337.25223	7.983	unannotated
pos_feces	513	-0.669365072	1.165934816	0	0	100.01836	101.0256	1.126	unannotated
neg_feces	6646	-10.796875	1.183062924	7.63E-91	1.17E-89	481.21927	480.21237	6.688	unannotated
pos_feces	4647	5.6	1.205422932	1.64E-72	2.57E-71	214.17185	215.1787	8.213	unannotated
pos_feces	5756	-15.58788372	1.206098856	5.71E-159	9.75E-158	262.19287	263.20041	9.375	unannotated
pos_feces	7389	-8	1.266385869	2.96E-14	4.28E-13	354.25375	355.26016	7.981	unannotated
pos_feces	7697	-3.561660129	1.322924905	4.65E-50	6.96E-49	372.26489	373.27148	5.973	unannotated
neg_plasma	4651	-11.8711466	1.377227437	0	0	452.16576	225.07565	6.482	unannotated
neg_plasma	5784	4.140787279	1.37827556	2.13E-65	2.69E-64	610.31825	609.31097	7.002	unannotated
pos_feces	6772	12.5	1.52896066	3.84E-173	6.80E-172	315.18284	316.18994	9.726	unannotated
neg_plasma	3642	-4.15127862	1.779137078	5.10E-80	6.57E-79	345.11367	344.10645	5.15	unannotated
pos_plasma	2464	-23.4694744	1.841927491	0	0	155.06928	156.0766	3.789	bacimethrin
pos_feces	3601	14.79208376	1.872174813	3.49E-65	5.36E-64	184.05329	185.06041	1.097	2-hydroxydibenzofuran
neg_feces	1228	-8.03125	1.959853642	4.18E-19	6.04E-18	228.04087	227.03343	5.962	Mevalonic acid-5P
pos_feces	10175	-31.7512272	1.999589405	2.78E-238	5.21E-237	816.57071	817.57953	7.981	unannotated
pos_feces	4512	-7	2.430040074	5.31E-05	0.000750256	213.08256	214.09007	1.468	unannotated
